18
f3p5ph.bws_car_91-6_S436  0.0000000 0.0128659 0.0177111 0.0169423 0.0127562 0.0390102 0.0300005 0.0042224 0.0041864 0.0212955 0.0000024 0.0127031 0.0169535 0.0753621 0.0300377 0.0343636 0.0170216 0.0126457 
f3p5ph.bws_new_75-9_S431  0.0128659 0.0000000 0.0131713 0.0259299 0.0194612 0.0260319 0.0393479 0.0064579 0.0258473 0.0393075 0.0194020 0.0000026 0.0259563 0.0531731 0.0527382 0.0260623 0.0261118 0.0063932 
f3p5ph.bws_new_80-5_S433  0.0177111 0.0131713 0.0000000 0.0359538 0.0299520 0.0360151 0.0545706 0.0118719 0.0296414 0.0483623 0.0237319 0.0000026 0.0359538 0.0612104 0.0608008 0.0360554 0.0361516 0.0177130 
f3p5ph.bws_dav_87-7_S427  0.0169423 0.0259299 0.0359538 0.0000000 0.0000027 0.0478928 0.0431097 0.0170443 0.0211660 0.0256108 0.0169310 0.0300211 0.0000024 0.0846225 0.0431915 0.0342943 0.0299808 0.0211660 
f3p5ph.bws_dav_117-2_S429 0.0127562 0.0194612 0.0299520 0.0000027 0.0000000 0.0391697 0.0344760 0.0085196 0.0170102 0.0170456 0.0127562 0.0214362 0.0000027 0.0757299 0.0301803 0.0000022 0.0214080 0.0127045 
f3p5ph.bws_lya_44-9_S439  0.0390102 0.0260319 0.0360151 0.0478928 0.0391697 0.0000000 0.0525397 0.0215254 0.0345072 0.0523958 0.0389837 0.0390314 0.0434740 0.0432552 0.0526038 0.0524317 0.0391429 0.0344333 
f3p5ph.bws_rup_98-4_S426  0.0300005 0.0393479 0.0545706 0.0431097 0.0344760 0.0525397 0.0000000 0.0042395 0.0387159 0.0431680 0.0344101 0.0388678 0.0387682 0.0942794 0.0000025 0.0521733 0.0000028 0.0255381 
f3p5ph.bws_rup_86-8_S424  0.0042224 0.0064579 0.0118719 0.0170443 0.0085196 0.0215254 0.0042395 0.0000000 0.0084629 0.0213793 0.0084798 0.0085017 0.0127647 0.0572191 0.0213911 0.0257641 0.0042310 0.0042112 
f3p5ph.bws_car_28-5_S435  0.0041864 0.0258473 0.0296414 0.0211660 0.0170102 0.0345072 0.0387159 0.0084629 0.0000000 0.0299236 0.0041804 0.0212487 0.0211802 0.0705757 0.0343830 0.0431155 0.0213239 0.0211518 
f3p5ph.bws_dav_118-1_S430 0.0212955 0.0393075 0.0483623 0.0256108 0.0170456 0.0523958 0.0431680 0.0213793 0.0299236 0.0000000 0.0256452 0.0344294 0.0256280 0.0894008 0.0432501 0.0299206 0.0300413 0.0254864 
f3p5ph.bws_car_92-7_S437  0.0000024 0.0194020 0.0237319 0.0169310 0.0127562 0.0389837 0.0344101 0.0084798 0.0041804 0.0256452 0.0000000 0.0169976 0.0169423 0.0753097 0.0344526 0.0387992 0.0213668 0.0169198 
f3p5ph.bws_new_85-9_S432  0.0127031 0.0000026 0.0000026 0.0300211 0.0214362 0.0390314 0.0388678 0.0085017 0.0212487 0.0344294 0.0169976 0.0000000 0.0256948 0.0709052 0.0432735 0.0345033 0.0257611 0.0084463 
f3p5ph.bws_dav_116-7_S428 0.0169535 0.0259563 0.0359538 0.0000024 0.0000027 0.0434740 0.0387682 0.0127647 0.0211802 0.0256280 0.0169423 0.0256948 0.0000000 0.0800461 0.0432208 0.0299630 0.0256776 0.0169086 
f3p5ph.bws_mon_61-7_S440  0.0753621 0.0531731 0.0612104 0.0846225 0.0757299 0.0432552 0.0942794 0.0572191 0.0705757 0.0894008 0.0753097 0.0709052 0.0800461 0.0000000 0.0943883 0.0943038 0.0756246 0.0704156 
f3p5ph.bws_rup_101-1_S425 0.0300377 0.0527382 0.0608008 0.0431915 0.0301803 0.0526038 0.0000025 0.0213911 0.0343830 0.0432501 0.0344526 0.0432735 0.0432208 0.0943883 0.0000000 0.0567112 0.0000028 0.0298937 
f3p5ph.bws_fru_106-1_S438 0.0343636 0.0260623 0.0360554 0.0342943 0.0000022 0.0524317 0.0521733 0.0257641 0.0431155 0.0299206 0.0387992 0.0345033 0.0299630 0.0943038 0.0567112 0.0000000 0.0388732 0.0298605 
f3p5ph.bws_rup_105-2_S423 0.0170216 0.0261118 0.0361516 0.0299808 0.0214080 0.0391429 0.0000028 0.0042310 0.0213239 0.0300413 0.0213668 0.0257611 0.0256776 0.0756246 0.0000028 0.0388732 0.0000000 0.0126876 
f3p5ph.bws_new_84-4_S434  0.0126457 0.0063932 0.0177130 0.0211660 0.0127045 0.0344333 0.0255381 0.0042112 0.0211518 0.0254864 0.0169198 0.0084463 0.0169086 0.0704156 0.0298937 0.0298605 0.0126876 0.0000000 
